original_w=  [7146.121121693324, 7146.853472050588, 7147.585899422767]
types=  [0.9753099120283326, 0, 0, 0, 0, 1.026597031456482, -0.04878581709793797, 0, 0, -0.04878581709793797, 1.026597031456482, 0, 0, 0, 0, 0.9753099120283326]
